DATA/alt.asc
NCOLS 400 
NROWS 200 
XLLCORNER -71 
YLLCORNER -34.5 
CELLSIZE 0.0025 
NODATA_value -9999 
[rows 84 to 104 of 200, columns 0 to 47 of 400]
318.666666666667 320.222222222222 322.444444444444 324.444444444444 326.666666666667 327.666666666667 329.111111111111 329.444444444444 332.444444444444 362.333333333333 466.777777777778 577.555555555556 541.444444444444 526.222222222222 600 561.555555555556 532.888888888889 476.777777777778 386.555555555556 363.555555555556 364.111111111111 364.555555555556 365.111111111111 364.222222222222 364 367.111111111111 377.555555555556 398 489.333333333333 453 429.111111111111 428.666666666667 465.888888888889 404.111111111111 380.666666666667 383.111111111111 397 385.666666666667 388.777777777778 389.666666666667 390.666666666667 391.555555555556 394.333333333333 398.333333333333 399.333333333333 402.666666666667 405 408
321 321.333333333333 323.555555555556 325.444444444444 326.888888888889 328.222222222222 330 332.555555555556 333 352.111111111111 405.555555555556 444.888888888889 461.777777777778 549 589.222222222222 568.888888888889 521.333333333333 419.777777777778 365.555555555556 360.333333333333 361.444444444444 361.888888888889 361.444444444444 361.777777777778 363 363.888888888889 365.444444444444 372.555555555556 410.222222222222 391.444444444444 382.111111111111 386.888888888889 417.777777777778 389.333333333333 384.888888888889 388.888888888889 386.111111111111 383.444444444444 385.777777777778 386.888888888889 388.888888888889 391.444444444444 394.222222222222 396.222222222222 398.444444444444 400.666666666667 403.777777777778 405.111111111111
318.777777777778 319.666666666667 322.777777777778 324.555555555556 326.888888888889 328.333333333333 329.888888888889 331.888888888889 335.888888888889 339.444444444444 347.777777777778 376.111111111111 461.222222222222 479.111111111111 467.777777777778 489.777777777778 426.222222222222 387.555555555556 358.444444444444 357.555555555556 359.444444444444 360 360.222222222222 361.555555555556 362.333333333333 364 366.444444444444 368.777777777778 370.333333333333 371.888888888889 373.888888888889 375.555555555556 375.777777777778 376.888888888889 376.555555555556 378.666666666667 380.555555555556 382.111111111111 384.666666666667 386.777777777778 389.111111111111 391.888888888889 394 395.777777777778 396.888888888889 398.444444444444 401 402.555555555556
318.333333333333 320 321.555555555556 324.555555555556 325.777777777778 327.777777777778 330 341.333333333333 341.222222222222 340.111111111111 342.111111111111 347.333333333333 354.666666666667 358.333333333333 359.777777777778 389.111111111111 388.777777777778 354.777777777778 354.111111111111 355.444444444444 357.444444444444 358.777777777778 359 360.888888888889 362.333333333333 363.333333333333 365.111111111111 368.111111111111 369 369.777777777778 371.111111111111 371.666666666667 372 374.555555555556 375.666666666667 381.444444444444 383.222222222222 383.222222222222 385.444444444444 388.111111111111 391 391.555555555556 394.333333333333 396 397.111111111111 399.888888888889 400.666666666667 401.888888888889
316 318.888888888889 321.444444444444 322.222222222222 325.222222222222 327.333333333333 348.222222222222 356.888888888889 353.222222222222 354.111111111111 345.555555555556 341.333333333333 344.111111111111 345.444444444444 347.444444444444 350.888888888889 353.333333333333 353.666666666667 352.444444444444 356 359.111111111111 359.888888888889 360.777777777778 360.777777777778 363.111111111111 363.444444444444 366.222222222222 367.111111111111 367.444444444444 367.333333333333 368.666666666667 370.222222222222 372 380.666666666667 386.888888888889 384.111111111111 382.111111111111 383.888888888889 385.666666666667 386.666666666667 390.333333333333 392.444444444444 393.444444444444 395.111111111111 397.222222222222 400.666666666667 402 405.111111111111
316.444444444444 319.111111111111 319.666666666667 324.666666666667 345.777777777778 345.444444444444 355.555555555556 355.222222222222 347.333333333333 344.222222222222 340.777777777778 342.666666666667 344 345.444444444444 347.666666666667 349.111111111111 349.777777777778 350.666666666667 353.222222222222 353.555555555556 355.666666666667 356.777777777778 359.444444444444 358.888888888889 360.888888888889 368.444444444444 366 362.777777777778 364.666666666667 367.555555555556 368.111111111111 371.888888888889 374 377.111111111111 378.333333333333 379 381.444444444444 382.111111111111 384.444444444444 387 388.444444444444 389.777777777778 391.555555555556 394.666666666667 398.111111111111 401.444444444444 404.444444444444 405.555555555556
316.444444444444 317.777777777778 322.777777777778 350.111111111111 399.444444444444 377.666666666667 364.555555555556 349.222222222222 344 342.888888888889 340.111111111111 341.555555555556 343.888888888889 345.222222222222 347.111111111111 349.555555555556 349.444444444444 348.666666666667 351.444444444444 353 353.777777777778 354.888888888889 357.111111111111 358 360.555555555556 360.555555555556 360.555555555556 362.555555555556 364.888888888889 367.555555555556 374.888888888889 374.555555555556 376.222222222222 380.222222222222 380.555555555556 385.222222222222 382.777777777778 382.333333333333 384.666666666667 389.888888888889 388 390.222222222222 392.777777777778 395 397.777777777778 400.222222222222 402.333333333333 404.666666666667
313.333333333333 328 371.555555555556 400.666666666667 433.777777777778 428.111111111111 405.333333333333 355.333333333333 343 344.222222222222 340.888888888889 348.333333333333 343 342.555555555556 345 345.888888888889 349 354.444444444444 351.333333333333 353 353.111111111111 354.666666666667 357.333333333333 358 357.333333333333 359.888888888889 364 374.444444444444 371.444444444444 367.333333333333 371.333333333333 373.555555555556 378.222222222222 382.444444444444 379.666666666667 380.333333333333 380.777777777778 386.444444444444 393.888888888889 397.111111111111 391.111111111111 389.777777777778 392.888888888889 395.444444444444 396.111111111111 397.555555555556 400.333333333333 403.333333333333
320.888888888889 369.555555555556 464.111111111111 502.444444444444 519.222222222222 515.888888888889 465.666666666667 405.666666666667 351.777777777778 340.777777777778 340 348.444444444444 342.888888888889 342.888888888889 343.777777777778 356.555555555556 366.333333333333 364.666666666667 351.888888888889 350.777777777778 352.222222222222 354.777777777778 354.666666666667 354.444444444444 357.333333333333 360.666666666667 366.333333333333 367.666666666667 372.555555555556 369.222222222222 378.111111111111 380.333333333333 375.888888888889 379.888888888889 380 392.333333333333 395.111111111111 394.555555555556 390.888888888889 389.333333333333 389.555555555556 389.555555555556 391.222222222222 394.333333333333 395.888888888889 397.222222222222 399.111111111111 402.333333333333
360.777777777778 419 516 598.888888888889 548.555555555556 468 425.888888888889 395.888888888889 357.111111111111 337.333333333333 338.666666666667 339.777777777778 339.888888888889 344 343.222222222222 351.666666666667 354.888888888889 353.444444444444 350 350.333333333333 351.222222222222 351.333333333333 351.888888888889 354.222222222222 358.555555555556 359.222222222222 366.888888888889 370.222222222222 374.111111111111 373.333333333333 381.888888888889 388.666666666667 382.777777777778 377.111111111111 388 393.666666666667 397 397 388.222222222222 385 386.666666666667 388.555555555556 391.444444444444 394.555555555556 397.111111111111 398.333333333333 400.222222222222 402
461.666666666667 503.333333333333 559.555555555556 570.555555555556 491.222222222222 428.444444444444 387.888888888889 350.888888888889 337.222222222222 335.666666666667 336.666666666667 338.555555555556 340.777777777778 343.444444444444 341.888888888889 343.333333333333 345.222222222222 346.222222222222 348.111111111111 349.111111111111 349.222222222222 349.777777777778 351.666666666667 360.666666666667 361.888888888889 364.555555555556 375.888888888889 376.333333333333 369.333333333333 380.333333333333 385.444444444444 379.777777777778 386 380.333333333333 379.666666666667 385.777777777778 393.444444444444 394.777777777778 385.444444444444 387 397 394.222222222222 391.444444444444 394.111111111111 396.444444444444 397.333333333333 398.555555555556 400.888888888889
438.222222222222 459.666666666667 501.555555555556 522.666666666667 465.555555555556 394.222222222222 347.555555555556 335.555555555556 335.222222222222 334.555555555556 335.555555555556 337.444444444444 337.111111111111 339.111111111111 341.111111111111 342.666666666667 346.777777777778 346 346.777777777778 346 354.111111111111 363.333333333333 372.555555555556 371.222222222222 373.666666666667 372.777777777778 376.333333333333 379.666666666667 374.555555555556 388.777777777778 384.777777777778 383.333333333333 389.888888888889 390.666666666667 390.333333333333 383.888888888889 379 380.888888888889 383.555555555556 386.666666666667 412.333333333333 439.222222222222 442.777777777778 410.555555555556 412.333333333333 435.111111111111 438 448.777777777778
348.222222222222 393 434.777777777778 446.333333333333 423 357.666666666667 333 332.222222222222 334.444444444444 336.666666666667 340.222222222222 336.111111111111 335.888888888889 338.777777777778 340.888888888889 342.666666666667 342.666666666667 343.444444444444 344.888888888889 347.222222222222 358.888888888889 368.111111111111 362.666666666667 369.222222222222 374 366.444444444444 369.222222222222 374.222222222222 367.333333333333 366.222222222222 375.111111111111 373.444444444444 375.666666666667 379.888888888889 374.888888888889 376.222222222222 379.111111111111 379.777777777778 381.777777777778 381.666666666667 384.777777777778 416 486 521.555555555556 529.444444444444 602.333333333333 619 615.222222222222
310.222222222222 338.777777777778 355.888888888889 354 371.111111111111 334.555555555556 330.222222222222 333.555555555556 333.777777777778 333.333333333333 338.888888888889 340.888888888889 338.333333333333 338.333333333333 338.444444444444 340.222222222222 341.333333333333 342.333333333333 345.333333333333 349.666666666667 354.888888888889 363.888888888889 367.111111111111 369 361.222222222222 362.555555555556 367.666666666667 381 375.111111111111 364 363.222222222222 365.666666666667 368.777777777778 371.777777777778 372.444444444444 374.888888888889 394.777777777778 397.555555555556 380.666666666667 379.444444444444 380.111111111111 387.666666666667 431.333333333333 475 526.444444444444 602.555555555556 649.222222222222 638.666666666667
308.111111111111 309.111111111111 309.888888888889 329.333333333333 344.555555555556 329.888888888889 328.666666666667 333.666666666667 332.666666666667 334.555555555556 335.111111111111 338 335.777777777778 335.888888888889 336.777777777778 337.666666666667 339.333333333333 342 345.666666666667 348.444444444444 348 359.777777777778 360.444444444444 364.555555555556 357.222222222222 354.555555555556 361.555555555556 363.222222222222 363.222222222222 364.555555555556 364.222222222222 367.111111111111 369.333333333333 370.333333333333 371.111111111111 371.777777777778 376.222222222222 408.333333333333 385.888888888889 389.555555555556 396.555555555556 387 395.777777777778 461 505.777777777778 535.333333333333 539.666666666667 521.888888888889
309.888888888889 310.333333333333 311.222222222222 350 336.111111111111 327.333333333333 327.555555555556 330.333333333333 331.444444444444 330.444444444444 331 332.111111111111 332.222222222222 333.333333333333 335.111111111111 337.333333333333 347 345.555555555556 343.222222222222 344 345.666666666667 356.111111111111 351.666666666667 355.666666666667 356.555555555556 353.333333333333 355.111111111111 356.555555555556 359.777777777778 362.555555555556 363.666666666667 364.111111111111 366.555555555556 367.777777777778 368.222222222222 370.222222222222 380.222222222222 391.888888888889 371.666666666667 396.111111111111 430.666666666667 403.111111111111 386.888888888889 405.111111111111 430.555555555556 463.666666666667 450.222222222222 451.666666666667
313.111111111111 312.888888888889 312.444444444444 336.111111111111 331 325.777777777778 327.111111111111 326.777777777778 326.333333333333 328.222222222222 328.333333333333 329.444444444444 331.444444444444 333.555555555556 337.444444444444 342.777777777778 350 345.888888888889 341.777777777778 343 349.777777777778 353.333333333333 366.555555555556 355.444444444444 350.111111111111 351.333333333333 354.888888888889 357.555555555556 359.111111111111 360.888888888889 361.222222222222 362.222222222222 364.222222222222 365 365 365.222222222222 364.555555555556 363.777777777778 369.444444444444 407.666666666667 443 416 388.222222222222 391.111111111111 407.888888888889 429.222222222222 412.222222222222 424.777777777778
314.666666666667 317.111111111111 316.777777777778 325.777777777778 328.666666666667 325.777777777778 324.222222222222 324 324.555555555556 325.666666666667 327.777777777778 330 333.111111111111 334.444444444444 340 342.555555555556 352 344.666666666667 347.222222222222 352.111111111111 346 350.333333333333 358.666666666667 361.333333333333 354.888888888889 356.555555555556 355 357 357.555555555556 358.444444444444 359.333333333333 359.666666666667 361.888888888889 362.666666666667 363.444444444444 362.666666666667 365.777777777778 379.444444444444 394.111111111111 466.555555555556 478 411.444444444444 395.888888888889 397.444444444444 395.666666666667 399.444444444444 420.555555555556 456.666666666667
315.666666666667 321.222222222222 323.555555555556 319.888888888889 324.888888888889 324.222222222222 320.777777777778 322.222222222222 323.666666666667 325.333333333333 328.222222222222 333.555555555556 334.777777777778 335.555555555556 345.888888888889 348.666666666667 344.555555555556 347.333333333333 343.333333333333 342.333333333333 346.777777777778 354.333333333333 360.666666666667 358.333333333333 361.111111111111 357.666666666667 358 355.777777777778 355.777777777778 356.111111111111 360 360.888888888889 360.333333333333 359.888888888889 360.666666666667 363.111111111111 387.777777777778 444.222222222222 442.555555555556 465.333333333333 449.222222222222 400.888888888889 397.666666666667 414.777777777778 412.888888888889 404.888888888889 414.222222222222 461.222222222222
316.888888888889 318.444444444444 320.444444444444 323.555555555556 324.444444444444 320.222222222222 319.666666666667 321.444444444444 324.444444444444 326.777777777778 327.333333333333 333.222222222222 330.111111111111 330.444444444444 340.111111111111 345.111111111111 335.888888888889 340.555555555556 345.555555555556 340.444444444444 343 345.333333333333 351.222222222222 357.888888888889 365.111111111111 356.777777777778 355.666666666667 357.666666666667 355.555555555556 356.777777777778 368.666666666667 362.555555555556 358.444444444444 359.111111111111 363.777777777778 396.888888888889 455.444444444444 472 460.888888888889 448.333333333333 446.666666666667 398.111111111111 405.111111111111 460.444444444444 472.111111111111 424.777777777778 422.333333333333 468.888888888889
313.888888888889 315.777777777778 318 318.222222222222 318 318.444444444444 322.333333333333 323.555555555556 325.888888888889 333.333333333333 326.666666666667 327.555555555556 330.666666666667 329.555555555556 335.555555555556 336.222222222222 336.555555555556 339.111111111111 342 341.444444444444 342.333333333333 343.444444444444 347.333333333333 351.222222222222 357.444444444444 351.777777777778 350 354.777777777778 362.333333333333 392.333333333333 450.888888888889 420.555555555556 379.333333333333 400.333333333333 414.777777777778 437.555555555556 476.666666666667 477 450.777777777778 419.333333333333 392.666666666667 386.222222222222 412.555555555556 483.333333333333 527.333333333333 451.222222222222 435.777777777778 497.666666666667
