DATA/alt.asc
NCOLS 400 
NROWS 200 
XLLCORNER -71 
YLLCORNER -34.5 
CELLSIZE 0.0025 
NODATA_value -9999 
[rows 42 to 62 of 200, columns 240 to 287 of 400]
2691.55555555556 2640.22222222222 2569.22222222222 2543.55555555556 2548.22222222222 2692.11111111111 2847.88888888889 2884.55555555556 2872.66666666667 2870.55555555556 2882.11111111111 2984.77777777778 3030.33333333333 3046.44444444444 2994.33333333333 3016.22222222222 3109.33333333333 3210.55555555556 3314.66666666667 3409.66666666667 3487 3460.11111111111 3487.22222222222 3640.33333333333 3687.55555555556 3557.88888888889 3464.22222222222 3374.88888888889 3279.55555555556 3165.44444444444 3056.22222222222 2992.33333333333 2940.88888888889 2859.66666666667 2795.77777777778 2797.88888888889 2903.55555555556 2989.11111111111 3051.44444444444 3158.77777777778 3255.22222222222 3331.66666666667 3441.77777777778 3526.22222222222 3427.88888888889 3358.33333333333 3334.55555555556 3403.88888888889
2758 2766.44444444444 2731.88888888889 2703.66666666667 2703.88888888889 2745.22222222222 2868.33333333333 3004.44444444444 3011.88888888889 2947.77777777778 2948.11111111111 2987.77777777778 3050.66666666667 3144 3171.44444444444 3186.11111111111 3260.33333333333 3305.77777777778 3301.55555555556 3331.22222222222 3442.55555555556 3573.22222222222 3599.44444444444 3631.88888888889 3571.88888888889 3500.77777777778 3394.88888888889 3279.88888888889 3178.11111111111 3076.55555555556 2987.11111111111 2906.55555555556 2856 2816 2780.44444444444 2743.77777777778 2775.44444444444 2881.77777777778 2997.55555555556 3111.11111111111 3204.88888888889 3308.77777777778 3418.88888888889 3466.77777777778 3323.55555555556 3222.66666666667 3215.11111111111 3266.22222222222
2723.22222222222 2796.22222222222 2845.11111111111 2867.33333333333 2890.88888888889 2921.66666666667 2995 3075.33333333333 3072.55555555556 3032.22222222222 3055.66666666667 3092.66666666667 3171.66666666667 3232.22222222222 3303.55555555556 3293.44444444444 3247.22222222222 3209.66666666667 3239 3302.44444444444 3469.44444444444 3593.66666666667 3665.77777777778 3661.22222222222 3536.77777777778 3446.66666666667 3351.44444444444 3240.55555555556 3142.88888888889 3062.44444444444 2991.22222222222 2943.22222222222 2897 2832.66666666667 2784.77777777778 2734.55555555556 2718.11111111111 2790.11111111111 2883.66666666667 2987.22222222222 3137 3289.11111111111 3408.11111111111 3450.88888888889 3299.33333333333 3149.55555555556 3083.22222222222 3135.11111111111
2650.22222222222 2720 2780.22222222222 2860.22222222222 2870.22222222222 2939.55555555556 2980.11111111111 3038.55555555556 3129.33333333333 3150.44444444444 3187 3174.44444444444 3264.77777777778 3333.11111111111 3337.22222222222 3266.33333333333 3196.77777777778 3160 3216 3335.66666666667 3486 3518.22222222222 3560.88888888889 3565.77777777778 3533.22222222222 3477.55555555556 3379 3301.55555555556 3247.55555555556 3202.44444444444 3131.66666666667 3075.66666666667 3013.66666666667 2910.44444444444 2802.44444444444 2712.77777777778 2654 2688.11111111111 2806.88888888889 2920.22222222222 3049.22222222222 3194.77777777778 3287.44444444444 3368.33333333333 3299.44444444444 3122.77777777778 3034 3059.33333333333
2622.66666666667 2688.77777777778 2725 2771.44444444444 2833.77777777778 2891.22222222222 2982.22222222222 3096.88888888889 3172.22222222222 3187.22222222222 3200.66666666667 3224.33333333333 3249.33333333333 3273.11111111111 3292.77777777778 3250 3183.22222222222 3149.66666666667 3211.88888888889 3266.88888888889 3340 3394.11111111111 3460.77777777778 3494.88888888889 3525 3530.77777777778 3489.88888888889 3434.11111111111 3351.55555555556 3247.11111111111 3202 3172.55555555556 3090.77777777778 2997.55555555556 2875 2746 2648.44444444444 2629.88888888889 2725.33333333333 2830.22222222222 2929.22222222222 3067.44444444444 3163.44444444444 3292.55555555556 3292.22222222222 3113.33333333333 2996.33333333333 3021.22222222222
2651.55555555556 2723.44444444444 2817.88888888889 2835.88888888889 2880.66666666667 2971 3054.77777777778 3145.66666666667 3156.77777777778 3122.44444444444 3150.55555555556 3187.55555555556 3179.22222222222 3190.55555555556 3204.66666666667 3187.66666666667 3155 3138.55555555556 3177 3193.66666666667 3261.44444444444 3329.55555555556 3412 3436.11111111111 3496.88888888889 3542.44444444444 3527.44444444444 3448.55555555556 3388.88888888889 3354.66666666667 3343.33333333333 3284.66666666667 3205.44444444444 3082.55555555556 2970.22222222222 2829.11111111111 2664.22222222222 2609.77777777778 2640 2720.66666666667 2823.33333333333 2989.11111111111 3159.77777777778 3300 3267.66666666667 3132.88888888889 2977.88888888889 2983.66666666667
2774 2755.33333333333 2805.44444444444 2896.55555555556 2965.55555555556 2988.88888888889 3058.44444444444 3117 3152.88888888889 3105.55555555556 3093.22222222222 3119.55555555556 3073 3077.11111111111 3088.55555555556 3098.11111111111 3112.77777777778 3107.55555555556 3096.44444444444 3160.22222222222 3257.11111111111 3315 3389.44444444444 3444.44444444444 3491.88888888889 3540.55555555556 3537.33333333333 3489.11111111111 3425.44444444444 3358.22222222222 3274.11111111111 3229.44444444444 3174.88888888889 3087.55555555556 2987.22222222222 2876.88888888889 2703 2605 2598.33333333333 2644.66666666667 2759.66666666667 2924.77777777778 3079.22222222222 3224.33333333333 3224.66666666667 3107.77777777778 2959.33333333333 2944.55555555556
2821 2888.22222222222 2919.22222222222 2947.44444444444 3001 3043 3090.33333333333 3138.33333333333 3118.22222222222 3101.88888888889 3050.66666666667 3046.11111111111 2997.22222222222 2974 2989.22222222222 3020.11111111111 3038.11111111111 3029 3057.22222222222 3136.33333333333 3240.11111111111 3309.33333333333 3410.66666666667 3465 3511.11111111111 3576.11111111111 3535.33333333333 3468.22222222222 3379.88888888889 3315.33333333333 3231.33333333333 3180.66666666667 3086.55555555556 3028.66666666667 2958.33333333333 2876.44444444444 2733.11111111111 2586.88888888889 2539.44444444444 2562.66666666667 2681.11111111111 2825.33333333333 2956.77777777778 3099.11111111111 3171.77777777778 3065.55555555556 2927.44444444444 2912.44444444444
2878.66666666667 2946.33333333333 3001.88888888889 3059.22222222222 3083.44444444444 3115.11111111111 3177.66666666667 3154.66666666667 3083.88888888889 3067.44444444444 3026.77777777778 3005.66666666667 2960 2937.88888888889 2927.33333333333 2938.44444444444 2955.77777777778 3032.33333333333 3102.88888888889 3186.11111111111 3294.66666666667 3357 3443.22222222222 3498 3574.33333333333 3595.66666666667 3548.55555555556 3477.88888888889 3408.55555555556 3332.66666666667 3237.55555555556 3157.66666666667 3074.22222222222 2992.11111111111 2930 2860.77777777778 2786.22222222222 2651.22222222222 2528.44444444444 2486.11111111111 2598.11111111111 2721.11111111111 2811.44444444444 2956.22222222222 3092.55555555556 3055.22222222222 2920.55555555556 2872.77777777778
2897.11111111111 2945.88888888889 3021.77777777778 3108.77777777778 3141.44444444444 3203 3252.33333333333 3154.33333333333 3070.55555555556 3039.77777777778 3003.88888888889 2995.88888888889 2958.22222222222 2871.11111111111 2853.44444444444 2885.22222222222 2945.22222222222 3043 3139.11111111111 3255.11111111111 3335.88888888889 3375.66666666667 3390.88888888889 3444.22222222222 3499.44444444444 3535.11111111111 3569.33333333333 3581.55555555556 3514.33333333333 3440.22222222222 3354.77777777778 3270.66666666667 3199 3140 3081.88888888889 3001.11111111111 2928.66666666667 2775.88888888889 2580.44444444444 2478 2476.77777777778 2591.88888888889 2709.66666666667 2854 3021.22222222222 3053.55555555556 2944.11111111111 2833.55555555556
2888.44444444444 2937.77777777778 3017.88888888889 3101.77777777778 3100 3162.22222222222 3179.55555555556 3135.33333333333 3036.33333333333 3017.55555555556 2974.66666666667 2942 2886 2808 2813.22222222222 2888.77777777778 2977.77777777778 3083.33333333333 3206.44444444444 3265 3251.22222222222 3272.55555555556 3339.44444444444 3398.33333333333 3468.66666666667 3514.55555555556 3591.44444444444 3622.88888888889 3609.11111111111 3590.88888888889 3519 3459.66666666667 3413.55555555556 3345.33333333333 3201 3060.44444444444 2934 2817.11111111111 2706.88888888889 2562.66666666667 2439.88888888889 2446.44444444444 2588.88888888889 2739.22222222222 2932.88888888889 3007.44444444444 2957.55555555556 2845.33333333333
2926.11111111111 2982.11111111111 3005.55555555556 3025.11111111111 3036.11111111111 3096.33333333333 3147.66666666667 3115.11111111111 3005.55555555556 3000.22222222222 2961 2925.33333333333 2864.88888888889 2763.77777777778 2795.55555555556 2905.44444444444 3014.66666666667 3092.88888888889 3139.33333333333 3168 3187.11111111111 3209.33333333333 3269.55555555556 3336.55555555556 3428.33333333333 3517.33333333333 3534.77777777778 3508.33333333333 3498.55555555556 3482.55555555556 3483.33333333333 3483.88888888889 3463.33333333333 3397.66666666667 3237 3088.11111111111 2978.44444444444 2885.11111111111 2823 2662.77777777778 2471.22222222222 2366.44444444444 2405.11111111111 2524.77777777778 2744.22222222222 2828.66666666667 2907.44444444444 2866.66666666667
2924.44444444444 2915.44444444444 2928.33333333333 2950.88888888889 2976.11111111111 3067.88888888889 3094.55555555556 3077.55555555556 2982.55555555556 2959.11111111111 2933.11111111111 2904.77777777778 2859.88888888889 2760.33333333333 2763.66666666667 2863.88888888889 2978.33333333333 3011.33333333333 3034.44444444444 3051 3078.22222222222 3110.44444444444 3208 3312.88888888889 3410.44444444444 3498.55555555556 3502.44444444444 3477.44444444444 3465.44444444444 3446 3445.22222222222 3460.33333333333 3459.44444444444 3380.55555555556 3254.44444444444 3135.11111111111 3018.44444444444 2887.55555555556 2765.44444444444 2663.77777777778 2525.55555555556 2381.11111111111 2332.44444444444 2363.77777777778 2495.33333333333 2659.11111111111 2760.11111111111 2821.44444444444
2805.44444444444 2800.22222222222 2839.22222222222 2904.22222222222 2953.77777777778 3006.44444444444 3043.66666666667 3009.11111111111 2935.33333333333 2917 2905.66666666667 2871 2797.88888888889 2721.66666666667 2745.22222222222 2814 2866.88888888889 2918.33333333333 2963.77777777778 2998.66666666667 3024.66666666667 3077.88888888889 3182 3348.88888888889 3509 3525.77777777778 3493 3469.55555555556 3445.44444444444 3434.33333333333 3421.44444444444 3443.33333333333 3483.11111111111 3504.77777777778 3432.33333333333 3259 3083.55555555556 2964.88888888889 2843.66666666667 2720.66666666667 2582.22222222222 2454.77777777778 2346 2300 2329.22222222222 2492.44444444444 2586.44444444444 2720.88888888889
2730.88888888889 2754.55555555556 2820 2888.22222222222 2931 2961.44444444444 3013.88888888889 2970 2879.55555555556 2871.11111111111 2843.66666666667 2802.11111111111 2717.77777777778 2675.66666666667 2734.44444444444 2795.88888888889 2851.11111111111 2905.44444444444 2956 3001.33333333333 3042.88888888889 3117.77777777778 3233.77777777778 3401.22222222222 3448.33333333333 3410.77777777778 3427.77777777778 3455.11111111111 3439 3418.11111111111 3402.33333333333 3400.22222222222 3471.11111111111 3534.55555555556 3480.22222222222 3376.33333333333 3103.11111111111 2951.77777777778 2803.55555555556 2687.77777777778 2605.11111111111 2542.22222222222 2435.55555555556 2318.11111111111 2262.88888888889 2303.55555555556 2464.33333333333 2587.66666666667
2715.11111111111 2770.33333333333 2821 2868.22222222222 2912.77777777778 2960.77777777778 3054.33333333333 3034.77777777778 2919.44444444444 2825.88888888889 2790.11111111111 2738.88888888889 2680.88888888889 2566.55555555556 2671.44444444444 2795 2865.66666666667 2914 2963.11111111111 3021.11111111111 3092.88888888889 3187.33333333333 3316.66666666667 3437.33333333333 3358 3301.88888888889 3294.11111111111 3364.88888888889 3395.22222222222 3316.33333333333 3248.66666666667 3284.88888888889 3424.66666666667 3509.77777777778 3438.33333333333 3305.33333333333 3111.77777777778 2979.44444444444 2846 2826.55555555556 2785 2650.11111111111 2541.55555555556 2420.77777777778 2302.11111111111 2242.11111111111 2267.22222222222 2411.66666666667
2773.11111111111 2829.77777777778 2823.11111111111 2861.66666666667 2916.77777777778 2973.77777777778 3115.66666666667 3068.44444444444 3005.11111111111 2855.88888888889 2759.22222222222 2679.55555555556 2554.33333333333 2513.22222222222 2653.33333333333 2816.22222222222 2886.44444444444 2932.44444444444 2982.33333333333 3045.66666666667 3141.88888888889 3267.44444444444 3391.44444444444 3418.33333333333 3342.66666666667 3267.33333333333 3253.11111111111 3306.55555555556 3316 3231.33333333333 3200.33333333333 3210.22222222222 3338 3469.88888888889 3363 3242.22222222222 3115.22222222222 3047.66666666667 3034.11111111111 3021 2939.44444444444 2822.33333333333 2649.44444444444 2522.77777777778 2431.22222222222 2316.22222222222 2223.66666666667 2217
2699.11111111111 2753.66666666667 2798.55555555556 2865.88888888889 2929.77777777778 3013.77777777778 3099.11111111111 2996.66666666667 2971.22222222222 2845.55555555556 2721.44444444444 2568 2454.33333333333 2490.77777777778 2643.55555555556 2804.55555555556 2898.33333333333 2951 2997.22222222222 3061.33333333333 3167.55555555556 3319.33333333333 3437.11111111111 3388.66666666667 3331.88888888889 3258.22222222222 3244.88888888889 3276.11111111111 3290.44444444444 3219.77777777778 3193.33333333333 3199.77777777778 3338.22222222222 3499.88888888889 3451.11111111111 3340.55555555556 3285.55555555556 3252.77777777778 3222.44444444444 3168.11111111111 3042.66666666667 2894 2755 2664.88888888889 2567.66666666667 2456.88888888889 2365.77777777778 2245.66666666667
2602.11111111111 2690 2838 2924.22222222222 2977 3017.77777777778 3052 2923.55555555556 2811.88888888889 2725.77777777778 2622 2473.33333333333 2404.22222222222 2484.11111111111 2642.77777777778 2792.55555555556 2894.66666666667 2965.33333333333 3029 3102 3198.55555555556 3317.44444444444 3402.55555555556 3325.88888888889 3252.66666666667 3222.33333333333 3222.33333333333 3270.22222222222 3301.44444444444 3224.33333333333 3166.55555555556 3180.33333333333 3288.66666666667 3449.44444444444 3506.77777777778 3428.44444444444 3383.55555555556 3300.44444444444 3217.88888888889 3180.11111111111 3076.33333333333 3008.55555555556 2994.55555555556 2914 2713.44444444444 2501.33333333333 2421.11111111111 2250.77777777778
2626.44444444444 2755.88888888889 2884.55555555556 2903.33333333333 2927.44444444444 2955.22222222222 3005.66666666667 2933.11111111111 2800.66666666667 2676.22222222222 2518.88888888889 2396.22222222222 2376.88888888889 2490.44444444444 2647.33333333333 2781.77777777778 2899.88888888889 2978.22222222222 2984.33333333333 3017.77777777778 3117.77777777778 3235 3303.55555555556 3195 3096.22222222222 3057.55555555556 3089.88888888889 3206 3276.11111111111 3212.77777777778 3137.88888888889 3136.55555555556 3218.11111111111 3369.66666666667 3414 3302.22222222222 3220.77777777778 3185.33333333333 3103.22222222222 3076 3079.88888888889 3073.66666666667 3006.44444444444 2927.55555555556 2745.22222222222 2448.55555555556 2312.66666666667 2111.22222222222
2639.44444444444 2710.22222222222 2830.77777777778 2851 2887.11111111111 2943.88888888889 2969.88888888889 2843.44444444444 2731.22222222222 2580.55555555556 2431.33333333333 2328.77777777778 2350 2495 2627.44444444444 2752 2848 2903.55555555556 2874.44444444444 2938.55555555556 3037.88888888889 3153.66666666667 3198.66666666667 3076.88888888889 2982.22222222222 2927.55555555556 2929.55555555556 3034.77777777778 3195.55555555556 3207.33333333333 3111.11111111111 3078.77777777778 3151.55555555556 3272.77777777778 3310.55555555556 3200 3110.55555555556 3049 2998 2904.66666666667 2881 2918.11111111111 2806.22222222222 2703.33333333333 2572.11111111111 2375 2172.33333333333 2061.11111111111
