DATA/alt.asc
NCOLS 400 
NROWS 200 
XLLCORNER -71 
YLLCORNER -34.5 
CELLSIZE 0.0025 
NODATA_value -9999 
[rows 147 to 167 of 200, columns 144 to 191 of 400]
1312.66666666667 1167.66666666667 1093.66666666667 1147.22222222222 1198.66666666667 1296.44444444444 1409.11111111111 1521.66666666667 1544.33333333333 1588.77777777778 1678.11111111111 1781.88888888889 1910 2043.55555555556 2120.55555555556 2134.22222222222 2020.55555555556 1906.22222222222 1810.88888888889 1752 1702.33333333333 1615 1526.44444444444 1496.77777777778 1387.88888888889 1371.77777777778 1292.44444444444 1239.22222222222 1232.55555555556 1213.66666666667 1267.55555555556 1189.55555555556 1098.44444444444 1052.66666666667 1142.11111111111 1132.66666666667 1081.22222222222 1151.77777777778 1196 1227.66666666667 1287.55555555556 1353.77777777778 1431.22222222222 1548.11111111111 1632 1569.22222222222 1540 1465.22222222222
1327.77777777778 1197.77777777778 1159.33333333333 1122 1200.22222222222 1250.66666666667 1319.11111111111 1383.44444444444 1454.33333333333 1548.44444444444 1673.33333333333 1813 1912.22222222222 1986.44444444444 2078.66666666667 2084.55555555556 1974.11111111111 1890 1822.11111111111 1738.44444444444 1631.88888888889 1519.22222222222 1407.88888888889 1359.66666666667 1315.33333333333 1322.22222222222 1240 1221.22222222222 1170.88888888889 1147.33333333333 1155.11111111111 1130.55555555556 1076.44444444444 1093.22222222222 1195.33333333333 1121.77777777778 1103.22222222222 1182.77777777778 1233.88888888889 1264.33333333333 1326 1439.22222222222 1521.77777777778 1610.77777777778 1668.11111111111 1615 1588.22222222222 1500.66666666667
1359.33333333333 1326.88888888889 1240.44444444444 1135.33333333333 1217.55555555556 1307.77777777778 1356.11111111111 1437.44444444444 1568.55555555556 1604.22222222222 1632 1738.55555555556 1855.66666666667 1972.66666666667 2081.66666666667 2022.33333333333 1888.77777777778 1797.44444444444 1753.22222222222 1655.22222222222 1555.44444444444 1457.44444444444 1422.22222222222 1383.44444444444 1360.55555555556 1295.44444444444 1284.55555555556 1274 1229.11111111111 1163.33333333333 1121.77777777778 1084 1074.11111111111 1154.22222222222 1184.11111111111 1091.66666666667 1154.88888888889 1234.22222222222 1271 1340.44444444444 1377.22222222222 1441.55555555556 1495.55555555556 1565.11111111111 1624.22222222222 1653 1639.77777777778 1600.66666666667
1485.11111111111 1385.77777777778 1290.66666666667 1174.66666666667 1159.88888888889 1267.88888888889 1392.55555555556 1488.33333333333 1594.44444444444 1694 1707.88888888889 1778.88888888889 1919.33333333333 2026.66666666667 2071.77777777778 1943.44444444444 1830.22222222222 1747 1676.66666666667 1606 1526 1490.33333333333 1486.66666666667 1443.33333333333 1473.88888888889 1380.11111111111 1315 1256 1211.44444444444 1126.33333333333 1105.44444444444 1137.77777777778 1157.22222222222 1233.44444444444 1229.88888888889 1119.22222222222 1116.55555555556 1156.55555555556 1222.77777777778 1324 1317.44444444444 1373.66666666667 1407.77777777778 1475.66666666667 1573.44444444444 1677.44444444444 1710.22222222222 1655.44444444444
1545 1440.55555555556 1323.66666666667 1207.33333333333 1159.77777777778 1279.66666666667 1412.77777777778 1554.22222222222 1625.55555555556 1690.33333333333 1814.22222222222 1888.22222222222 1938.33333333333 2053.44444444444 2048.77777777778 1909.33333333333 1829.66666666667 1800.77777777778 1740.88888888889 1670.55555555556 1595.44444444444 1589.11111111111 1479 1516.77777777778 1481.77777777778 1368.55555555556 1281.44444444444 1234.11111111111 1167.44444444444 1112.11111111111 1161.55555555556 1205.66666666667 1265.66666666667 1306.55555555556 1254.55555555556 1138.88888888889 1150 1167.44444444444 1176 1214.77777777778 1270.88888888889 1331.22222222222 1392.22222222222 1477.44444444444 1578.11111111111 1690.88888888889 1775.55555555556 1797.55555555556
1418.88888888889 1362 1270.44444444444 1197.44444444444 1185.22222222222 1302.11111111111 1419 1564 1664.66666666667 1698.11111111111 1801 1902.11111111111 1995.88888888889 2123.88888888889 2099.77777777778 1979.33333333333 1911.11111111111 1870.88888888889 1812.44444444444 1726.22222222222 1659.77777777778 1560.11111111111 1516.55555555556 1570.66666666667 1470.11111111111 1369.88888888889 1271.33333333333 1205.77777777778 1142.33333333333 1139.33333333333 1224 1285.77777777778 1321.11111111111 1272 1212.77777777778 1163.11111111111 1140.66666666667 1227.11111111111 1253.55555555556 1231.77777777778 1247.11111111111 1297.55555555556 1372.11111111111 1460.77777777778 1561.11111111111 1684.22222222222 1796.44444444444 1841.88888888889
1434.66666666667 1365.88888888889 1321.88888888889 1226.11111111111 1192 1297.77777777778 1426.44444444444 1521 1542.11111111111 1592.11111111111 1687.33333333333 1844.88888888889 1939.22222222222 2082 2047.77777777778 1960.33333333333 1893.44444444444 1823.44444444444 1754.88888888889 1677.77777777778 1615.55555555556 1558.44444444444 1635.11111111111 1573.77777777778 1447 1342.44444444444 1258.88888888889 1196.88888888889 1142.44444444444 1183.88888888889 1253.44444444444 1313.44444444444 1380.88888888889 1294.55555555556 1266.33333333333 1174.33333333333 1162 1249.77777777778 1333.55555555556 1321.33333333333 1319.22222222222 1298.66666666667 1324.44444444444 1405.88888888889 1539.33333333333 1649.88888888889 1712.77777777778 1751.11111111111
1554.55555555556 1434.88888888889 1339.11111111111 1247.77777777778 1188.55555555556 1291.77777777778 1368.88888888889 1396 1462.77777777778 1537.77777777778 1648.11111111111 1752.11111111111 1860.55555555556 2029.33333333333 2008.77777777778 1914.33333333333 1857.77777777778 1798.77777777778 1725.88888888889 1678.77777777778 1635.66666666667 1626.55555555556 1683.77777777778 1549 1422.55555555556 1320.33333333333 1253.55555555556 1182.44444444444 1164.77777777778 1267 1337.55555555556 1411.33333333333 1390 1289.77777777778 1247.44444444444 1167.55555555556 1182.88888888889 1270.77777777778 1388.55555555556 1408.77777777778 1427.11111111111 1397.22222222222 1363 1376.33333333333 1464.33333333333 1561.55555555556 1625.11111111111 1686.88888888889
1587.66666666667 1482.22222222222 1389 1276.22222222222 1205.22222222222 1262.22222222222 1323.33333333333 1429.88888888889 1469.11111111111 1516.11111111111 1611.44444444444 1715.33333333333 1820.88888888889 1923.22222222222 2006.55555555556 1962.11111111111 1919.55555555556 1815.66666666667 1730.33333333333 1737.44444444444 1730.55555555556 1756.66666666667 1669.66666666667 1521.22222222222 1407.66666666667 1310.11111111111 1226.88888888889 1165.44444444444 1191 1274.55555555556 1359.55555555556 1448.88888888889 1396.44444444444 1303.88888888889 1244 1166.77777777778 1212.22222222222 1271.33333333333 1345.33333333333 1446.88888888889 1502.22222222222 1443.88888888889 1470.22222222222 1519.88888888889 1474.44444444444 1494.77777777778 1544.77777777778 1652.11111111111
1521.66666666667 1435.77777777778 1344.66666666667 1249.44444444444 1232.11111111111 1273.11111111111 1324.44444444444 1418.44444444444 1517 1572.55555555556 1618.22222222222 1686.66666666667 1771.77777777778 1882.33333333333 2029.66666666667 2018.22222222222 1901.55555555556 1807.88888888889 1821.55555555556 1864.33333333333 1899.22222222222 1855.11111111111 1659.55555555556 1529.55555555556 1419.22222222222 1312.88888888889 1239 1181.11111111111 1225 1275.66666666667 1375 1484.66666666667 1475.88888888889 1378.55555555556 1280.44444444444 1175.88888888889 1204.77777777778 1269 1332.55555555556 1426.11111111111 1546.22222222222 1537.33333333333 1560.55555555556 1639.22222222222 1581.88888888889 1607.22222222222 1581.77777777778 1657.66666666667
1499 1403.77777777778 1317.55555555556 1230.77777777778 1260.44444444444 1342.88888888889 1390.11111111111 1396 1451 1510.11111111111 1579.66666666667 1668.88888888889 1744.66666666667 1878.44444444444 2015.66666666667 2020.66666666667 1949 1872.11111111111 1926.88888888889 2010.11111111111 2002 1826.33333333333 1632.88888888889 1506.88888888889 1385.33333333333 1320.22222222222 1252 1186 1245 1327.33333333333 1412.22222222222 1511.22222222222 1497.22222222222 1363.33333333333 1271.22222222222 1186.66666666667 1254.66666666667 1333.66666666667 1387.55555555556 1456 1580 1687.33333333333 1703.77777777778 1747.88888888889 1691.11111111111 1654.88888888889 1643.44444444444 1760.22222222222
1516.66666666667 1456.44444444444 1342.55555555556 1248.77777777778 1290.22222222222 1304.22222222222 1399.66666666667 1479.22222222222 1520.66666666667 1599.22222222222 1621 1686.33333333333 1805.11111111111 1900.77777777778 2015 2054.11111111111 1965.77777777778 1963.22222222222 2044 2102.88888888889 1950.55555555556 1778.44444444444 1628.22222222222 1505.77777777778 1377.11111111111 1293.22222222222 1222.33333333333 1214.88888888889 1255.88888888889 1344.33333333333 1447 1547.33333333333 1462.66666666667 1336.55555555556 1226 1237.22222222222 1338.66666666667 1404.11111111111 1462 1547 1639.55555555556 1764.77777777778 1864.11111111111 1831.44444444444 1744.77777777778 1707.55555555556 1702.33333333333 1813
1385.11111111111 1385.88888888889 1322 1271.44444444444 1374 1319.66666666667 1408.77777777778 1514.11111111111 1619.33333333333 1658.22222222222 1674.77777777778 1711.66666666667 1796.88888888889 1891.66666666667 2034.88888888889 2082.33333333333 2065.11111111111 2119.66666666667 2139.66666666667 2065 1913.55555555556 1744.22222222222 1603.77777777778 1467.77777777778 1369.66666666667 1286.88888888889 1219.77777777778 1255.66666666667 1338.11111111111 1371.77777777778 1438.77777777778 1538 1443.55555555556 1311.66666666667 1209.55555555556 1259.88888888889 1316.44444444444 1374.33333333333 1430.55555555556 1508.66666666667 1603.88888888889 1738.66666666667 1880.55555555556 1856.22222222222 1804.33333333333 1795.33333333333 1787.22222222222 1797.33333333333
1394.88888888889 1307.11111111111 1269.33333333333 1278 1329.44444444444 1336.77777777778 1364.66666666667 1452.55555555556 1566.33333333333 1602.55555555556 1626.22222222222 1721.11111111111 1828.11111111111 1928 2048.55555555556 2151.66666666667 2187.55555555556 2186.22222222222 2097 2005.11111111111 1846.33333333333 1708.88888888889 1567 1477 1405.44444444444 1270.44444444444 1238 1329.55555555556 1428.22222222222 1449.77777777778 1509.11111111111 1545.33333333333 1434 1325.11111111111 1254.33333333333 1251.44444444444 1342.77777777778 1417.44444444444 1494.88888888889 1577 1659.55555555556 1710.55555555556 1807.11111111111 1893.77777777778 1901.22222222222 1923.33333333333 1943.44444444444 1911.77777777778
1305.77777777778 1292.11111111111 1350.66666666667 1360.66666666667 1295.33333333333 1367 1391.88888888889 1446.88888888889 1524.11111111111 1560.33333333333 1620.33333333333 1691.11111111111 1766.55555555556 1880.88888888889 1994.77777777778 2125.88888888889 2174.11111111111 2061.11111111111 1951.22222222222 1884.77777777778 1774.11111111111 1674.77777777778 1535.33333333333 1429.66666666667 1341.33333333333 1254.11111111111 1276.88888888889 1362 1485.44444444444 1528.66666666667 1601 1590.66666666667 1455 1348.77777777778 1254.88888888889 1268.11111111111 1357.77777777778 1412.77777777778 1452.11111111111 1515.66666666667 1557.11111111111 1601.22222222222 1718.44444444444 1864.77777777778 1996.66666666667 2120.33333333333 2156.33333333333 2107.77777777778
1364.22222222222 1383.77777777778 1407.66666666667 1379.77777777778 1322.33333333333 1389.55555555556 1441.33333333333 1475 1512.77777777778 1576 1664.22222222222 1760.44444444444 1845.55555555556 1910.44444444444 2025.66666666667 2127.22222222222 2122 1991.88888888889 1877.33333333333 1793.88888888889 1716.44444444444 1615 1491 1396.88888888889 1321.88888888889 1265.33333333333 1320.66666666667 1399 1479.77777777778 1585.88888888889 1652.66666666667 1563.11111111111 1439.44444444444 1326.11111111111 1258.22222222222 1288.11111111111 1335.66666666667 1370.33333333333 1407 1453.22222222222 1509.44444444444 1574.55555555556 1684.55555555556 1845.44444444444 2012.55555555556 2235.77777777778 2298.77777777778 2238.22222222222
1461.22222222222 1497.66666666667 1437.88888888889 1431.77777777778 1347 1374.55555555556 1453.66666666667 1543.22222222222 1553.88888888889 1595.77777777778 1690.66666666667 1813.33333333333 1913.11111111111 2006.33333333333 2098.66666666667 2180.66666666667 2187.77777777778 2077.33333333333 1983 1872.55555555556 1722.88888888889 1590.11111111111 1472.77777777778 1382 1302.55555555556 1305.88888888889 1330.77777777778 1383.33333333333 1454.55555555556 1563.22222222222 1648.11111111111 1538 1397.77777777778 1280.66666666667 1321.33333333333 1350 1376 1422.33333333333 1477.55555555556 1549.88888888889 1574.88888888889 1652.88888888889 1738.22222222222 1865 1988.55555555556 2191 2356.88888888889 2387
1578.22222222222 1624.55555555556 1520.22222222222 1456.88888888889 1405.66666666667 1373 1417.44444444444 1471.77777777778 1523 1612.11111111111 1716.33333333333 1800.11111111111 1898.77777777778 1999.66666666667 2116.55555555556 2156.33333333333 2228.66666666667 2151 2004.44444444444 1834.22222222222 1721 1570.44444444444 1437.11111111111 1347 1323.55555555556 1408.66666666667 1425 1409.11111111111 1493.33333333333 1585 1663.44444444444 1541.66666666667 1409.22222222222 1304.33333333333 1327.44444444444 1376.44444444444 1436.55555555556 1478.44444444444 1528.88888888889 1632.33333333333 1696.11111111111 1772.33333333333 1853 1974.55555555556 2123.44444444444 2251.88888888889 2416.44444444444 2528.77777777778
1628.33333333333 1690.22222222222 1591.11111111111 1516.22222222222 1484.33333333333 1433.22222222222 1398.77777777778 1446.11111111111 1521.11111111111 1605.33333333333 1699 1777.77777777778 1873.44444444444 1978.55555555556 2071.55555555556 2057.33333333333 2115.77777777778 2071.55555555556 1987.77777777778 1864.11111111111 1685.44444444444 1530.77777777778 1406.22222222222 1349 1390.66666666667 1455.11111111111 1512.11111111111 1460 1525.11111111111 1638.33333333333 1686.11111111111 1569.66666666667 1459 1341.22222222222 1346 1391.66666666667 1425.22222222222 1497.77777777778 1554.66666666667 1658.77777777778 1746.66666666667 1857.77777777778 1989 2081.77777777778 2213.44444444444 2321.22222222222 2429.77777777778 2586.22222222222
1715.88888888889 1771.22222222222 1660.33333333333 1634.77777777778 1570.55555555556 1515.22222222222 1430.77777777778 1460.22222222222 1566.55555555556 1629.33333333333 1700.11111111111 1795.11111111111 1905.33333333333 2001.44444444444 2053 1964.11111111111 1980.66666666667 1943.88888888889 1849.33333333333 1760.33333333333 1618.11111111111 1478.33333333333 1383.66666666667 1416.11111111111 1470.66666666667 1484.44444444444 1541.11111111111 1534.44444444444 1609 1723.44444444444 1668.44444444444 1545.33333333333 1440 1353.22222222222 1349 1435 1436.11111111111 1484.77777777778 1568.77777777778 1672.22222222222 1753.55555555556 1811.88888888889 1895.77777777778 1984.11111111111 2068.66666666667 2181.44444444444 2313.88888888889 2466.55555555556
1671.11111111111 1803.22222222222 1774.33333333333 1732.22222222222 1625.33333333333 1530 1459 1477.88888888889 1598 1728.55555555556 1792.88888888889 1828.22222222222 1928.88888888889 2023.88888888889 2059.66666666667 1940.33333333333 1870 1833.11111111111 1754.33333333333 1655.88888888889 1554.44444444444 1443.44444444444 1409.11111111111 1463.88888888889 1534.44444444444 1521.55555555556 1557.66666666667 1629.44444444444 1720 1771.22222222222 1687.22222222222 1587.22222222222 1462.44444444444 1355.22222222222 1364.66666666667 1431.66666666667 1490.66666666667 1505.44444444444 1571.22222222222 1610.11111111111 1682.22222222222 1755.33333333333 1836.88888888889 1906.44444444444 2016.66666666667 2134.66666666667 2234.44444444444 2376.55555555556
