DATA/alt.asc
NCOLS 400 
NROWS 200 
XLLCORNER -71 
YLLCORNER -34.5 
CELLSIZE 0.0025 
NODATA_value -9999 
[rows 63 to 83 of 200, columns 240 to 287 of 400]
2604.55555555556 2686.11111111111 2783 2782 2849.11111111111 2942.77777777778 2900.22222222222 2744.77777777778 2618.33333333333 2507.77777777778 2354.88888888889 2249.88888888889 2349.22222222222 2507.33333333333 2644.44444444444 2724.77777777778 2742.77777777778 2736.44444444444 2797.88888888889 2893.33333333333 2999.33333333333 3109.66666666667 3123.44444444444 3028.55555555556 2929.22222222222 2866.11111111111 2861.22222222222 2936.22222222222 3102.55555555556 3181.11111111111 3087.22222222222 3037.22222222222 3093.22222222222 3195.22222222222 3230 3193.11111111111 3096.11111111111 2948.11111111111 2846.77777777778 2796.22222222222 2694.33333333333 2713 2684.11111111111 2586 2469.44444444444 2285.77777777778 2084.22222222222 2044.11111111111
2606.55555555556 2696.55555555556 2703.33333333333 2757.11111111111 2821 2756.66666666667 2721.66666666667 2612.22222222222 2529 2441.33333333333 2296.77777777778 2195.77777777778 2328.77777777778 2476.44444444444 2586.44444444444 2584.77777777778 2618.55555555556 2716.55555555556 2819.55555555556 2909.88888888889 3021.77777777778 3118.88888888889 3070.55555555556 3004.66666666667 2911.22222222222 2829.22222222222 2812 2864.77777777778 3036.77777777778 3141.88888888889 3009.77777777778 2983.33333333333 2979.44444444444 3021.77777777778 3160.44444444444 3190.66666666667 3115.88888888889 2994.33333333333 2815.33333333333 2681.55555555556 2575.66666666667 2502.11111111111 2537.88888888889 2469.33333333333 2362.44444444444 2155.22222222222 2046.66666666667 2036.77777777778
2534.66666666667 2549 2582.77777777778 2628.33333333333 2644.33333333333 2597.11111111111 2579.88888888889 2486.66666666667 2403 2347.22222222222 2219.33333333333 2130.66666666667 2280.33333333333 2390.11111111111 2458.55555555556 2549.66666666667 2658.77777777778 2768.33333333333 2851.77777777778 2926.11111111111 3024.88888888889 3125.44444444444 3068.55555555556 2968 2860.33333333333 2782.77777777778 2738 2806.55555555556 2967.22222222222 3007.55555555556 2892.77777777778 2864.55555555556 2852.22222222222 2869.55555555556 2980.22222222222 3126.22222222222 3177.88888888889 3063.88888888889 2936.88888888889 2750.77777777778 2614.11111111111 2403.66666666667 2291.22222222222 2268.44444444444 2192.55555555556 2046.88888888889 2017.44444444444 2078.66666666667
2343 2362.33333333333 2399.44444444444 2414.11111111111 2443.22222222222 2431.77777777778 2440.55555555556 2413.55555555556 2298.55555555556 2194.88888888889 2105.88888888889 2120.55555555556 2209.22222222222 2397.66666666667 2484.77777777778 2556.11111111111 2620.77777777778 2712 2785.44444444444 2867.55555555556 2982.22222222222 3094 3044.11111111111 2966.77777777778 2878.44444444444 2740 2659.44444444444 2764.55555555556 2944.33333333333 2985 2844 2792.66666666667 2760.22222222222 2752.33333333333 2832.88888888889 3035.44444444444 3134.44444444444 3031.33333333333 2895.66666666667 2723.77777777778 2598.88888888889 2502.33333333333 2355.55555555556 2227 2076.66666666667 2018.11111111111 2012.22222222222 2141.55555555556
2178 2204.77777777778 2227.33333333333 2234.44444444444 2254.55555555556 2261.22222222222 2271 2278.55555555556 2173 2067.66666666667 2073.55555555556 2120.77777777778 2178.55555555556 2327.55555555556 2423.44444444444 2530.33333333333 2597.44444444444 2669.33333333333 2767.33333333333 2851.44444444444 2970.55555555556 3010.77777777778 2995.11111111111 2908.22222222222 2851 2720.33333333333 2603.22222222222 2712.22222222222 2844.55555555556 2913.11111111111 2805.33333333333 2668.77777777778 2598.22222222222 2616.33333333333 2732.66666666667 2991.88888888889 3044.44444444444 2922 2743.55555555556 2652 2583.44444444444 2438.44444444444 2291.88888888889 2174 2012 1988.44444444444 2068.55555555556 2269.55555555556
2066.88888888889 2092.22222222222 2119 2127.55555555556 2121.33333333333 2136.11111111111 2154.55555555556 2150.11111111111 2052.55555555556 2014.88888888889 2060.77777777778 2130.11111111111 2240.66666666667 2370.33333333333 2467.22222222222 2532.55555555556 2584.66666666667 2637.33333333333 2712.11111111111 2807.77777777778 2928.66666666667 2926.11111111111 2912.44444444444 2882.55555555556 2820.11111111111 2680 2546.88888888889 2592.55555555556 2708.55555555556 2804 2734 2597.33333333333 2528.66666666667 2540.55555555556 2641.22222222222 2788.66666666667 2964.66666666667 2854.22222222222 2687.88888888889 2549.88888888889 2449.88888888889 2342.88888888889 2202.44444444444 2047.33333333333 1971.22222222222 2012.55555555556 2166.55555555556 2397.55555555556
1993.33333333333 2026.33333333333 2049.22222222222 2061 2057.66666666667 2069.44444444444 2096.66666666667 2091.88888888889 1993.88888888889 2035.44444444444 2083.11111111111 2136.22222222222 2187.66666666667 2273 2368.55555555556 2497.77777777778 2577.55555555556 2626.44444444444 2666.11111111111 2742.11111111111 2852 2863.22222222222 2835.55555555556 2815.44444444444 2765.33333333333 2617.88888888889 2508.77777777778 2486.77777777778 2581.33333333333 2617.66666666667 2609.88888888889 2540.77777777778 2467.88888888889 2433.44444444444 2512.66666666667 2639.77777777778 2846 2889.88888888889 2719.22222222222 2601.33333333333 2435.77777777778 2256.55555555556 2120.22222222222 1995 1970.77777777778 2058.44444444444 2142.66666666667 2279.77777777778
1965.22222222222 1991.66666666667 2008.66666666667 2022.88888888889 2029.66666666667 2039 2064.66666666667 2048.44444444444 1979.33333333333 2052.33333333333 2111.11111111111 2149 2175.11111111111 2205 2268 2395.22222222222 2522.88888888889 2605.66666666667 2652.44444444444 2718.88888888889 2819.33333333333 2822.77777777778 2760.11111111111 2674.66666666667 2551.22222222222 2462.33333333333 2411.66666666667 2411.33333333333 2455.11111111111 2446.33333333333 2441.66666666667 2422.55555555556 2330.55555555556 2296.11111111111 2375.44444444444 2528.88888888889 2703.66666666667 2682.88888888889 2539.33333333333 2506.44444444444 2360.33333333333 2138.66666666667 2006.88888888889 1948.88888888889 2026.55555555556 2151 2250.88888888889 2306.22222222222
1942.77777777778 1958.55555555556 1994.66666666667 2007 2014.44444444444 2020.22222222222 2042.11111111111 2021.66666666667 1975.33333333333 2038.88888888889 2088 2130.55555555556 2174.55555555556 2208.66666666667 2244.22222222222 2312.77777777778 2416.22222222222 2504.55555555556 2578.77777777778 2651 2753.77777777778 2734 2590.44444444444 2512.88888888889 2432 2380.55555555556 2375.55555555556 2381.22222222222 2380.66666666667 2353 2331.66666666667 2326.33333333333 2262.77777777778 2192.22222222222 2253.66666666667 2435.44444444444 2551.77777777778 2504.66666666667 2391.11111111111 2309.55555555556 2174.77777777778 2008.22222222222 1935.55555555556 1992.55555555556 2111.22222222222 2289.22222222222 2454.55555555556 2505.88888888889
1881 1913.22222222222 1953.88888888889 2001.88888888889 2014.44444444444 2009.22222222222 2000.77777777778 1950.77777777778 1963.33333333333 2035.11111111111 2104.77777777778 2148 2182.11111111111 2221.22222222222 2265 2314.55555555556 2380.44444444444 2495.77777777778 2616.44444444444 2694.44444444444 2684.44444444444 2624.33333333333 2533.22222222222 2446.77777777778 2394.11111111111 2361.22222222222 2357.22222222222 2359.44444444444 2335.33333333333 2306.88888888889 2303.11111111111 2301.11111111111 2236.88888888889 2113.44444444444 2128.11111111111 2278.11111111111 2400 2324 2201.22222222222 2087.44444444444 1979.77777777778 1920 1964 2047.44444444444 2162.55555555556 2359 2523.11111111111 2674
1879.11111111111 1908.66666666667 1921.22222222222 1960.22222222222 1972.22222222222 1968.11111111111 1934.77777777778 1920.77777777778 1977.88888888889 2030 2072.44444444444 2128.66666666667 2183.44444444444 2257.11111111111 2313 2348.66666666667 2394.55555555556 2480.88888888889 2594.33333333333 2685.55555555556 2603.44444444444 2542 2508.22222222222 2438 2367 2318.88888888889 2302.22222222222 2283 2242.11111111111 2226.33333333333 2265.77777777778 2255.33333333333 2213.77777777778 2118.11111111111 2056.33333333333 2130.88888888889 2225.55555555556 2172.55555555556 2020.77777777778 1939.55555555556 1910 1967.33333333333 2053.22222222222 2100.22222222222 2148.88888888889 2307.77777777778 2469.77777777778 2691.66666666667
1836.22222222222 1840.55555555556 1854.44444444444 1887.44444444444 1873.77777777778 1869.11111111111 1914.22222222222 2001.33333333333 2059 2061.11111111111 2106.55555555556 2152.11111111111 2214.55555555556 2284 2340.44444444444 2384.66666666667 2453.88888888889 2543 2603 2639.66666666667 2560.55555555556 2462.66666666667 2397.88888888889 2351.77777777778 2290.66666666667 2252.55555555556 2231.66666666667 2192.66666666667 2160.55555555556 2136.44444444444 2150.77777777778 2190.22222222222 2197.66666666667 2126.66666666667 2048.88888888889 1996.22222222222 2041.44444444444 1978.22222222222 1908.44444444444 1913.77777777778 1981.77777777778 2054.66666666667 2145 2251.22222222222 2333.33333333333 2385.55555555556 2472.44444444444 2604.88888888889
1752.22222222222 1727.44444444444 1777.55555555556 1793.88888888889 1838.77777777778 1913.66666666667 1973.88888888889 2049.33333333333 2146 2150.77777777778 2150.11111111111 2181.77777777778 2252.88888888889 2330.22222222222 2392.55555555556 2430.77777777778 2485.22222222222 2535.11111111111 2607 2603.11111111111 2493.88888888889 2404.44444444444 2348 2305.33333333333 2277.33333333333 2243 2199.66666666667 2180.77777777778 2144.66666666667 2085.77777777778 2070.22222222222 2089.33333333333 2121 2066 2022 1945 1897 1861.77777777778 1926.11111111111 2012.33333333333 2132 2265.11111111111 2348.11111111111 2424.44444444444 2510.88888888889 2539.33333333333 2582.44444444444 2651.77777777778
1660.33333333333 1740.66666666667 1793 1833.11111111111 1868 1910.55555555556 1966.33333333333 2045.22222222222 2125.33333333333 2177.44444444444 2223.88888888889 2261.33333333333 2302.44444444444 2362.11111111111 2413 2454.66666666667 2496 2535.44444444444 2600.88888888889 2543 2443.88888888889 2381.44444444444 2340.66666666667 2302.22222222222 2267.33333333333 2212.55555555556 2189.66666666667 2186.77777777778 2159.66666666667 2098.11111111111 2008.22222222222 1965 2006.55555555556 1951.22222222222 1871.66666666667 1826.55555555556 1837 1898.55555555556 2055.22222222222 2191.55555555556 2311.66666666667 2388.77777777778 2448.88888888889 2523.88888888889 2618.33333333333 2675.33333333333 2727.22222222222 2801.11111111111
1672.66666666667 1715.33333333333 1771.66666666667 1814.66666666667 1865.44444444444 1921.22222222222 1977.22222222222 2004.88888888889 2091.33333333333 2157.33333333333 2228 2297.33333333333 2358.44444444444 2401.22222222222 2436.44444444444 2459.55555555556 2503.22222222222 2562.11111111111 2585.88888888889 2492.33333333333 2429.66666666667 2389.44444444444 2347.77777777778 2297.33333333333 2259.11111111111 2228.44444444444 2193.22222222222 2176.55555555556 2144.77777777778 2074.44444444444 1980.11111111111 1871.33333333333 1859.77777777778 1804.55555555556 1799 1840.77777777778 1912.77777777778 2053.33333333333 2215.22222222222 2281.44444444444 2358.66666666667 2446.11111111111 2522.77777777778 2579.22222222222 2633.66666666667 2739.22222222222 2849 2894.55555555556
1809.22222222222 1832.33333333333 1853.33333333333 1877.11111111111 1926.88888888889 2002.33333333333 2033.22222222222 2053.77777777778 2090.44444444444 2152.77777777778 2226.55555555556 2300.22222222222 2356.44444444444 2418.77777777778 2483.55555555556 2527.55555555556 2556.66666666667 2575.66666666667 2559.66666666667 2484.44444444444 2432.77777777778 2393.11111111111 2354.88888888889 2282.66666666667 2211.44444444444 2194.77777777778 2175.88888888889 2084.77777777778 2013.88888888889 1913 1821 1793.11111111111 1807.22222222222 1879.44444444444 1911.44444444444 1944.88888888889 2004.44444444444 2155.88888888889 2325.88888888889 2354.33333333333 2400.33333333333 2457.22222222222 2510.33333333333 2585.11111111111 2678.77777777778 2761.11111111111 2835.22222222222 2903
1983.11111111111 2039.77777777778 2039.66666666667 2038.11111111111 2040 2094.22222222222 2172.22222222222 2219.88888888889 2231 2267.11111111111 2322.44444444444 2364.66666666667 2416.11111111111 2486.66666666667 2534.55555555556 2542.22222222222 2564.88888888889 2549.55555555556 2483.66666666667 2425.22222222222 2369.66666666667 2292.55555555556 2276.22222222222 2197.55555555556 2140.77777777778 2103.55555555556 2096.55555555556 2027.11111111111 1919 1768.22222222222 1759.22222222222 1864.66666666667 1915.44444444444 1983.77777777778 2016.11111111111 2057.77777777778 2125.11111111111 2263.88888888889 2361.11111111111 2416.88888888889 2468.11111111111 2507.33333333333 2573.55555555556 2651.44444444444 2713.55555555556 2795.77777777778 2847.33333333333 2897.33333333333
1980.77777777778 2115.44444444444 2147.88888888889 2137.66666666667 2149.88888888889 2180.33333333333 2223.22222222222 2294.44444444444 2313.33333333333 2302.66666666667 2319.66666666667 2382.33333333333 2453.33333333333 2499.88888888889 2463.77777777778 2436.77777777778 2513.22222222222 2592.11111111111 2536.66666666667 2441.55555555556 2332.77777777778 2191.66666666667 2125.11111111111 2148.22222222222 2099.44444444444 2020.77777777778 2018.22222222222 1980.33333333333 1835.77777777778 1731.66666666667 1878.22222222222 1975.77777777778 2040.44444444444 2097.33333333333 2154.44444444444 2209.22222222222 2283.22222222222 2386.22222222222 2458.22222222222 2479.77777777778 2489.77777777778 2539.11111111111 2599.55555555556 2672.11111111111 2763.44444444444 2828.22222222222 2860 2916.66666666667
2040.22222222222 2125.22222222222 2183.66666666667 2206.55555555556 2214 2252.88888888889 2269.88888888889 2286.33333333333 2276.11111111111 2229.66666666667 2247.77777777778 2339.88888888889 2413.77777777778 2365.44444444444 2331.22222222222 2398.55555555556 2507.77777777778 2618.88888888889 2577.77777777778 2410.22222222222 2267.55555555556 2161.88888888889 2076.22222222222 2044.22222222222 2037.33333333333 1990.66666666667 1911.66666666667 1893.77777777778 1772.22222222222 1767.44444444444 1969.44444444444 2064.77777777778 2127.11111111111 2240 2327.55555555556 2367.55555555556 2426.44444444444 2479.11111111111 2502.11111111111 2558.44444444444 2584.11111111111 2575.33333333333 2611.88888888889 2687.22222222222 2772.77777777778 2849.22222222222 2915.55555555556 2953.88888888889
2133.66666666667 2141.66666666667 2155.11111111111 2231.44444444444 2237.66666666667 2247.66666666667 2294.22222222222 2259.77777777778 2195 2169.44444444444 2199.88888888889 2250.77777777778 2309.33333333333 2259.55555555556 2316.22222222222 2406 2502.33333333333 2607.11111111111 2550.22222222222 2412.44444444444 2288.66666666667 2193 2085.33333333333 2037.88888888889 1999.77777777778 1960.11111111111 1926.55555555556 1830.77777777778 1719.66666666667 1802.11111111111 2019.22222222222 2092.66666666667 2175.55555555556 2278.66666666667 2393.11111111111 2454.66666666667 2491.88888888889 2532.66666666667 2560.55555555556 2587.11111111111 2628.22222222222 2657.77777777778 2689.55555555556 2708.77777777778 2775.66666666667 2856.22222222222 2877.44444444444 2864.33333333333
2117 2067.77777777778 2139.33333333333 2230.66666666667 2190 2214.33333333333 2257.11111111111 2241.66666666667 2183.55555555556 2103.77777777778 2149.88888888889 2219 2236.88888888889 2214.33333333333 2298.33333333333 2391.88888888889 2501.77777777778 2552.55555555556 2505.11111111111 2386.44444444444 2280 2182.11111111111 2152.88888888889 2138.11111111111 2111.88888888889 2123.22222222222 2076 1912.88888888889 1741.77777777778 1784.66666666667 2003.33333333333 2136.77777777778 2260.66666666667 2397.55555555556 2470.33333333333 2530.22222222222 2547.22222222222 2582.11111111111 2614.66666666667 2647.55555555556 2684.77777777778 2728.22222222222 2763.88888888889 2812.22222222222 2848.11111111111 2785.66666666667 2654.44444444444 2559.77777777778
